22243
11899

1696
2595
5331
6092
5274
5641
1345
6626
2005
6260
6410
2092
3501

3982
4505
5836
6059
6513
1151

7002
6597
7174
3618
4734
5107
1388
6493
6541
6440
5291
4492

1341
6520
8531
3483
9221
2847
3930
4012

4074
2101
2200
1333
2991
3186
6711
2248
6655

5102
2672
2842
2274
6828
3765
5290
6004
7237
1509
3128
1593

8404
7548
4075
8246
5590
2107
1204
6374
1865
5657

62852

10643
5981
9631
1574
2962
1021
9811
1566

2027
1193
1487
4493
6215
3315
1353
3703
3987
8158

5969
3824
4696
6948
5098
1364
5943
2489
3523
2585
3242
5724

2113
1381
4067
2344
4778
2645
3968
6599
6451
4462
3882
2312
3843

2948
9364
1281
5411
6477
1119
8986
1218
4448

4938
5597
19725
18053

10621
2556
22243
11899

1696
2595
5331
6092
5274
5641
1345
6626
2005
6260
6410
2092
3501

3982
4505
5836
6059
6513
1151

7002
6597
7174
3618
4734
5107
1388
6493
6541
6440
5291
4492

1341
6520
8531
3483
9221
2847
3930
4012

4074
2101
2200
1333
2991
3186
6711
2248
6655

5102
2672
2842
2274
6828
3765
5290
6004
7237
1509
3128
1593

8404
7548
4075
8246
5590
2107
1204
6374
1865
5657

62852

10643
5981
9631
1574
2962
1021
9811
1566

2027
1193
1487
4493
6215
3315
1353
3703
3987
8158

5969
3824
4696
6948
5098
1364
5943
2489
3523
2585
3242
5724

2113
1381
4067
2344
4778
2645
3968
6599
6451
4462
3882
2312
3843

2948
9364
1281
5411
6477
1119
8986
1218
4448

4938
5597
19725
18053

10621
2556
14794

15944

2490
3883
8604
4310
7188
2634
2126
4386
4007

18117
3564
3723
16013

1729
7521
7155
5464
10189
11378
2892

1919
3726
6573
5328
7056
2626
7135
5337
3952
4568
2493

8540
9992
4330
6118
1028
6987
6841
10336

7166
5976
2075
1938
4219
5535
2927
7792
6763
8069
4214

4726
2359
6414
1727
1987
2112
2093
1071
6170
3010
1891
3025
6416
2534

3818
3761
2326
3260
9384
3033
9065
9128
7062

9666
4769
2548
2907
8618
3484
3962
10736

1496
5465
2062
5094
4678
4135
2419
3851
5853
1230
4807
4323
3978
2932
1398

4046
4017
5785
4317
5874
2880
3889
4548
3184
3736
5525
1244
5151

59604

6245
3810
3601
5107
1130
5397
3908
5786
7065

5957
1971

65880

1195
2467
2681
5646
1369
4188
2319
6356
5519
6535
4368
5542
3013

7724
4856
7693
3723
10718
4944
9471

69102

7561
1144
7132
1051
7124
6166
3965

4108
3486
2171
3884
6322
4794
7097
2907
4538
1603
2786
5061

5564
3164
5398
1859
1207
9374
4975
9037
9603

4570
10797
14210
8624

5511
1351
3529
8490
2362
2252
8908
4353
2878
